1292174553
1292107156
1292101624
1292070757
1292069310
1292008779
1292007312
1292005263
1291998568
1291935534
1291931210
1291924962
1291915725
1291914488
1291904273
1291901825
1291849937
1291846764
1291844205
1291836109
1291536488
1291235139
1291140151
1291058352
1290963999
1290960781
1290956610
1290805361
1290803473
1290792210
1290789121
1290712056
1290703899
1290617589
1290615661
1290542127
1290538212
1290270260
1290207024
1289842664
1289749999
1289687200
1289687126
1289606151
1288020467
1288018433
1287940671
1287853377
1287852722
1287851884
1287850969
1287694247
1287671967
1286648373
1286399431
1286379401
1286376863
1286372559
1286214520
1286212861
1286149481
1286142379
1286136420
1286135000
1286134204
1286132848
1286132047
1286128944
1286128172
1286127546
1286122626
1285886075
1285885966
1285864061
1285863742
1285863116
1285861832
1285859055
1285858740
1285857533
1285515266
1285260380
1285259996
1285257415
1285252105
1285251548
1285250915
1284929220
1284925770
1284919091
1284914806
1284909723
1284312293
1284307239
1284306020
1284135066
1284131553
1284072397
1284071004
1283987045
1283970459
1283961964
1283959814
1283879875
1283869941
1283802765
1283802310
1283802066
1283800881
1283722580
1283721932
1283112876
1283000044
1282998435
1282938852
1282923127
1282919966
1282918396
1282916877
1282870447
1282864422
1282862983
1282777060
1282776245
1282775608
1282774092
1282751970
1282748175
1282747220
1282742257
1282687596
1282686672
1282682636
1282514252
1282514106
1282512110
1282510862
1282510260
1282242530
1282241641
1282239630
1282237663
1282236948
1282236276
1282148908
1282147300
1282143524
1281992508
1281992095
1281982853
1281982066
1281971282
1281971187
1281967165
1281965154
1281958681
1281956378
1281926219
1281921784
1281920277
1281919101
1281917770
1281913925
1281913344
1281913245
1281911840
1281911308
1281908902
1281908227
1281908170
1281907044
1281905888
1281901219
1281900235
1281899205
1281898749
1281890607
1281889406
1281888701
1281883036
1281880329
1281836429
1281816373
1281801337
1281752549
1281739758
1281735554
1281720527
1281714000
1281712167
1281662123
1281643643
1281642209
1281641684
1281640831
1281640460
1281574016
1281564126
1281562130
1281559225
1281556011
1281553679
1281483750
1281483002
1281478462
1281476760
1281382119
1281380325
1281380106
1281378846
1281377606
1281376018
1281372641
1281208561
1281204832
1281204299
1281195969
1281191297
1281024510
1281023383
1281022701
1281022120
1281020763
1281019198
1281018620
1281017001
1280931936
1280875240
1280874577
1280873372
1280871618
1280868307
1280863586
1280862308
1280861771
1280773328
1280768566
1280764940
1280763567
1280579932
1280532728
1280528960
1280519044
1280512386
1280511654
1280510345
1280437932
1280434644
1280434111
1280433855
1280432595
1280431238
1280428215
1280426151
1280423586
1280362246
1280361638
1280358983
1280345003
1280343506
1280252862
1280248050
1280192698
1280186982
1280162491
1280157813
1280089656
1280088417
1280087491
1280087056
1280086469
1280083681
1280080900
1280077583
1280072722
1280069709
1280064592
1280061993
1279937060
1279935172
1279931349
1279926958
1279925948
1279910343
1279908807
1279902296
1279898627
1279898071
1279897660
1279758863
1279726269
1279721277
1279684294
1279663520
1279643908
1279549250
1279548098
1279507393
1279488927
1279482978
1279481049
1279478962
1279472301
1279461976
1279458774
1279411155
1279401916
1279401510
1279400064
1279399026
1279398553
1279395351
1279378566
1279376859
1279375572
1279311609
1279307217
1279302310
1279298631
1279297384
1279295924
1279295225
1279294168
1279293977
1279293347
1279292214
1279291634
1279289633
1279287420
1279285799
1279285293
1279284923
1279284724
1279284372
1279241009
1279238527
1279233872
1279230083
1279228984
1279225350
1279225106
1279224619
1279224455
1279222834
1279213934
1279212234
1279211833
1279211422
1279209403
1279207428
1279206354
1279198740
1279197184
1279195520
1279145903
1279134652
1279131906
1279126589
1279125953
1279124741
1279123348
1279121911
1279121690
1279119842
1279117779
1279117323
1278761777
1278759482
1278682625
1278638926
1278637295
1278609120
1278606259
1278459067
1278438198
1278433955
1278358274
1278273148
1278102020
1278101021
1278100665
1278095837
1278091296
1277658369
1277645413
1277636558
1277635430
1277581192
1277579166
1277578706
1277572865
1277564563
1277557810
1277555286
1277505129
1277498447
1277493315
1277467806
1277425061
1277394005
1277238219
1277228783
1277227513
1277226701
1277221028
1277218927
1277218274
1277217583
1277174126
1277172113
1277171156
1277136557
1277135306
1277133621
1276895314
1276874898
1276870634
1276793168
1276787276
1276700014
1276640147
1276638089
1276548014
1276546915
1276540790
1276538024
1276532001
1275509889
1275497138
1275495495
1274962702
1274902472
1274901394
1274898874
1274897374
1274892664
1274891245
1274384622
1274206006
1274144291
1274046963
1274045680
1274043239
1274042241
1274038656
1274036504
1269450175
1269450117
1269362134
1269354161
1268767054
1268765327
1268677016
1268675052
1267749985
1267586936
1267493585
1267302173
1267241309
1267224524
1267222639
1267198161
1267135589
1267134857
1267059384
1267047744
1267045735
1267044832
1267043063
1266988643
1266987463
1266960240
1266959741
1266940407
1266938769
1266884188
1266882596
1266785281
1266727464
1266722393
1266720228
1266430783
1266425883
1266338200
1266280496
1266211718
1266159143
1266125283
1266021517
1265992112
1265986657
1265940488
1265938382
1265643444
1265641837
1265588822
1265588549
1265495153
1265486792
1265395486
1265393952
1265239850
1265238427
1265236614
1265236197
1264722169
1264720933
1264717569
1264716482
1264637313
1264636908
1264625547
1264021528
1264014435
1263496640
1262718046
1261154268
1261071486
1260999936
1260905852
1292453031
1292257574
1292179082
1292178036
1291850628
1291651168
1291541370
1290899561
1290717717
1290703225
1290539796
1290379579
1290219123
1290209825
1290198166
1289693170
1289332027
1289253967
1287855833
1287679636
1287591143
1287508611
1286809937
1286652815
1286379784
1286331587
1286156450
1285890855
1285863787
1285257704
1285257704
1284931234
1284931234
1284588613
1284588613
1284416064
1284416064
1284312615
1284312615
1284142068
1284142068
1284137939
1284137939
1283994040
1283994040
1283973872
1283973872
1283821973
1283821973
1283806984
1283101095
1282758789
1282754018
1282745936
1282694737
1282323314
1282257799
1281984362
1281981070
1281978350
1281965820
1281964292
1281912418
1281910863
1281908124
1281906316
1281647623
1281490704
1281483817
1281480923
1281468077
1281384017
1281383680
1280859905
1280603748
1280532175
1280435232
1280417688
1280351855
1280351469
1280259784
1280254472
1280193273
1280164518
1280094561
1280093347
1280076321
1279486049
1279410676
1279321978
1279221111
1279212406
1279153125
1278689388
1278689388
1278641510
1278641510
1278612434
1278612434
1278605696
1278605696
1278224106
1278224106
1278114209
1278114209
1277567265
1277567265
1277511796
1277511796
1277395671
1277395671
1277333491
1277333491
1277229540
1277229540
1277224095
1277224095
1277178337
1277178337
1277145694
1277145694
1277140286
1277140286
1277084024
1277084024
1276830864
1276830864
1276706134
1276706134
1276626392
1276626392
1276554873
1276554873
1276211430
1276211430
1275516606
1275516606
1274969463
1274969463
1274832326
1274832326
1274831907
1274831907
1274228816
1274228816
1267757709
1267757709
1267751607
1267751607
1267369232
1267369232
1267200583
1267200583
1267134927
1267134927
1266962499
1266962499
1266788521
1266788521
1266703199
1266703199
1266450943
1266450943
1266427321
1266427321
1266266215
1266266215
1266206587
1266206587
1266186433
1266186433
1266106107
1266106107
1266026947
1266026947
1266007124
1266007124
1265831164
1265831164
1265830882
1265830882
1265830384
1265830384
1265237920
1265237920
1264715360
1264715360
1264638660
1264638660
1261091787
1261091787
1261073750
1261073750
1260756721
1260756721
1260671685
1260671685
1260670423
1260670423
1260663196
1260663196
1260551991
1260551991
1260550161
1260550161
1260059891
1260059891
1260059349
1260059349
1259096690
1259096690
1258571981
1258571981
1258221848
1258221848
1258075388
1258075388
1257654292
1257654292
1257619901
1257619901
1257570303
1257570303
1257533606
1257533606
1257486605
1257486605
1257396096
1257396096
1257310726
1257310726
1257038211
1257038211
1256864225
1256864225
1256847046
1256847046
1256795756
1256795756
1256784768
1256784768
1256445301
1256445301
1256087285
1256087285